Test One shot


%---------------------------------------------------------------------
taille du set : 10
seed : 22

paramètres vertex Coloring
	nom du graphe : data/dsjc250.5.col
	M : 28000
	G0 : 0.75
	maxSteps: 10
	k : 1
	P : 10



temps = 3
ListeMeilleureEnergie = [127.0, 87.0, 76.0, 61.0, 57.0, 48.0, 47.0, 45.0, 42.0, 42.0, 42.0, 30.0, 30.0, 30.0, 30.0, 30.0, 27.0, 27.0, 27.0, 27.0, 27.0, 27.0, 26.0, 26.0, 26.0, 25.0, 25.0, 25.0, 22.0, 22.0, 22.0, 22.0, 22.0, 19.0, 19.0, 19.0, 19.0, 19.0, 19.0, 18.0, 18.0, 18.0, 18.0, 18.0, 18.0, 18.0, 18.0, 18.0, 18.0, 18.0, 17.0, 17.0, 17.0, 17.0, 17.0, 17.0]
ListeProbaMoyenne = [0.0, 0.0, 0.0, 0.0, 0.0, 0.0, 0.0, 0.0, 0.0, 0.0, 0.0, 0.0, 0.0, 0.0, 0.0, 0.0, 0.0, 0.0, 0.0, 0.0, 0.0, 0.0, 0.0, 0.0, 0.0, 0.0, 0.0, 0.0, 0.0, 0.0, 0.0, 0.0, 0.0, 0.0, 0.0, 0.0, 0.0, 0.0, 0.0, 0.0, 0.0, 0.0, 0.0, 0.0, 0.0, 0.0, 0.0, 0.0, 0.0, 0.0, 0.0, 0.0, 0.0, 0.0, 0.0, 0.0]
ListevaleursJr = [4.8176295921187773E-4, 4.8176295921187773E-4, 4.8176295921187773E-4, 4.8176295921187773E-4, 4.8176295921187773E-4, 7.395998624429885E-4, 7.395998624429885E-4, 7.395998624429885E-4, 7.395998624429885E-4, 7.395998624429885E-4, 7.395998624429885E-4, 0.0011355617145812989, 0.0011355617145812989, 0.0011355617145812989, 0.0011355617145812989, 0.0011355617145812989, 0.0017439893190377624, 0.0017439893190377624, 0.0017439893190377624, 0.0017439893190377624, 0.0017439893190377624, 0.0017439893190377624, 0.0026801464223578254, 0.0026801464223578254, 0.0026801464223578254, 0.0026801464223578254, 0.0026801464223578254, 0.0026801464223578254, 0.004125166755257241, 0.004125166755257241, 0.004125166755257241, 0.004125166755257241, 0.004125166755257241, 0.006372733270797751, 0.006372733270797751, 0.006372733270797751, 0.006372733270797751, 0.006372733270797751, 0.006372733270797751, 0.009934312703000261, 0.009934312703000261, 0.009934312703000261, 0.009934312703000261, 0.009934312703000261, 0.015855467914063115, 0.015855467914063115, 0.015855467914063115, 0.015855467914063115, 0.015855467914063115, 0.015855467914063115, 0.027222812000446992, 0.027222812000446992, 0.027222812000446992, 0.027222812000446992, 0.027222812000446992, 0.027222812000446992]
ListeRapport = [NaN, NaN, NaN, NaN, NaN, NaN, NaN, NaN, NaN, NaN, NaN, NaN, NaN, NaN, NaN, NaN, NaN, NaN, NaN, NaN, NaN, NaN, NaN, NaN, NaN, NaN, NaN, NaN, NaN, NaN, NaN, NaN, NaN, NaN, NaN, NaN, NaN, NaN, NaN, NaN, NaN, NaN, NaN, NaN, NaN, NaN, NaN, NaN, NaN, NaN, NaN, NaN, NaN, NaN, NaN, NaN]
ListeGamma = [0.75, 0.75, 0.75, 0.75, 0.75, 0.675, 0.675, 0.675, 0.675, 0.675, 0.675, 0.6000000000000001, 0.6000000000000001, 0.6000000000000001, 0.6000000000000001, 0.6000000000000001, 0.5250000000000001, 0.5250000000000001, 0.5250000000000001, 0.5250000000000001, 0.5250000000000001, 0.5250000000000001, 0.4500000000000001, 0.4500000000000001, 0.4500000000000001, 0.4500000000000001, 0.4500000000000001, 0.4500000000000001, 0.3750000000000001, 0.3750000000000001, 0.3750000000000001, 0.3750000000000001, 0.3750000000000001, 0.3000000000000001, 0.3000000000000001, 0.3000000000000001, 0.3000000000000001, 0.3000000000000001, 0.3000000000000001, 0.2250000000000001, 0.2250000000000001, 0.2250000000000001, 0.2250000000000001, 0.2250000000000001, 0.15000000000000008, 0.15000000000000008, 0.15000000000000008, 0.15000000000000008, 0.15000000000000008, 0.15000000000000008, 0.07500000000000008, 0.07500000000000008, 0.07500000000000008, 0.07500000000000008, 0.07500000000000008, 0.07500000000000008]
