
iter_0.7_0.32 = [ 
iter_0.7_0.32 = [ 
iter_0.7_0.33 = [ 6.8675131E7 1.65268855E8 5.7661196E7 5.2353169E7 4.5459668E7 7.8223749E7 1.98093568E8 7.1021148E7 9.8448492E7 1.93704151E8 ]
iter_0.7_0.34 = [ 6.9018401E7 1.44945497E8 3.7672299E7 3.726831E7 4.2647579E7 2.7268129E7 1.20973025E8 1.0015495E8 3.9053122E7 2.8582772E7 ]
iter_0.7_0.35 = [ 2.1256726E7 3.0586893E7 4.18177E7 1.30568296E8 2.5723861E7 6.2281534E7 4.3281047E7 4.15821E7 2.79972E9 4.719564E7 ]
iter_0.7_0.36 = [ 3.5484691E7 5.389005E7 2.7022587E7 2.79972E9 4.2127181E7 6.2023775E7 3.1705772E7 3.2553176E7 2.79972E9 2.6850262E7 ]