
iter_0.95_0.35 = [ 5.57136684E8 5.19523039E8 5.81980232E8 4.88891252E8 5.43741596E8 5.65548948E8 5.90164397E8 5.76043547E8 6.18370996E8 5.46921976E8 ]
iter_0.95_0.4 = [ 4.23767182E8 4.50219355E8 4.67194306E8 2.8E9 4.34949119E8 2.8E9 5.01339943E8 4.98148958E8 5.20981395E8 5.88600484E8 ]
iter_0.95_0.3 = [ 6.04805499E8 1.69936402E8 4.77746882E8 3.53721116E8 1.36483245E8 1.75404853E8 1.66926274E8 1.09466657E8 4.71843833E8 3.31730763E8 ]
iter_0.95_0.45 = [ 4.44548601E8 2.8E9 2.8E9 2.8E9 