
iter_0.9_0.35 = [ 4.91041618E8 4.1604471E8 3.61031889E8 4.44311123E8 3.3891347E7 3.99974263E8 4.28853228E8 4.63657443E8 3.00792669E8 4.64732492E8 ]
iter_0.9_0.38 = [ 3.95598789E8 3.63261268E8 4.02841309E8 4.20724777E8 3.64966414E8 4.47835972E8 3.44057869E8 3.50524485E8 3.42946548E8 3.54386795E8 ]
iter_0.9_0.4 = [ 4.08893764E8 3.67994269E8 3.41472527E8 3.21785765E8 3.16598727E8 3.51877064E8 
iter_0.9_0.2 = [ 2.79972E9 
iter_0.9_0.5 = [ 