
iter_0.8_0.32 = [ 1.5401874E8 3.24900639E8 1.05591501E8 9.5497952E7 2.14528361E8 2.21520874E8 1.31920931E8 4.82370222E8 5.6136402E7 1.39376968E8 ]
iter_0.8_0.35 = [ 1.76523444E8 5.1775051E7 1.46859497E8 1.36683971E8 8.9418321E7 9.1449615E7 8.0351785E7 8.3224873E7 9.0935226E7 8.6874189E7 ]
iter_0.8_0.37 = [ 2.7918188E7 3.6026474E7 1.65978288E8 1.83222503E8 1.00261969E8 1.47942789E8 1.16974515E8 1.35433905E8 9.2678667E7 9.0317421E7 ]
iter_0.8_0.4 = [ 3.7710271E7 7.0043252E7 6.1866563E7 2.8E9 