iter_0.85_0.35 = [ 3.16692272E8 2.01969079E8 1.99536709E8 3.06817814E8 2.03694872E8 2.56806684E8 3.41185489E8 3.67228043E8 1.92773576E8 2.57344488E8 ]
iter_0.85_0.3 = [ 3.79045281E8 4.03596848E8 5.8155498E7 2.53060927E8 1.4358923E8 2.94737868E8 1.72236003E8 2.11711836E8 2.51541891E8 2.63320765E8 ]
iter_0.85_0.25 = [ 2.8E9
iter_0.85_0.38 = [ 2.64104736E8 2.31593544E8 2.59229056E8 2.07367531E8 2.10110129E8 2.56384092E8 2.0424479E8 2.21980057E8 2.53968492E8 2.05811281E8 ]
iter_0.85_0.4 = [ 1.67561802E8 2.10572011E8 2.06479711E8 2.11397604E8 2.79972E9 1.94527896E8 1.75594584E8 2.04960339E8 2.24706884E8 2.26087709E8 ]
iter_0.85_0.45 = [ 1.6863397E8 2.79972E9 1.32159594E8 1.37623914E8 1.45021079E8 2.10655557E8 1.67638925E8 2.79972E9 1.31028234E8 2.79972E9 ]
iter_0.85_0.5 = [ 2.79972E9 2.79972E9 