
iter_0.65_0.3 = [ 2.32207125E8 2.23799458E8 2.8E9 1.66484702E8 1.77323988E8 6.0678785E7 2.8E9 1.37200192E8 2.38764409E8 1.7171847E8 ]
iter_0.65_0.33 = [ 1.19913354E8 8.6503141E7 1.76052363E8 2.8E9 1.63453048E8 2.8E9 5.5292587E7 4.3292682E7 7.2602287E7 7.9243833E7 ]
iter_0.65_0.34 = [ 2.6471975E7 2.8E9 5.7616256E7 4.9057205E7 2.8E9 2.8E9 2.8E9 2.8E9 4.2429484E7 2.8E9 ]
iter_0.65_0.35 = [ 3.9208355E7 2.8E9 4.5588983E7 8.8385954E7 3.8093865E7 6.659406E7 
iter_0.65_0.25 = [ 9.6934465E8 2.8E9 2.8E9 2.8E9
iter_0.65_0.4 = [ 2.8E9