
iter_0.6_0.3 = [ 2.8E9 2.23645667E8 2.52458446E8 2.23711354E8 4.15316006E8 2.8E9 
iter_0.6_0.35 = [ 2.8E9 2.8E9
iter_0.6_0.25 = [ 2.8E9 2.8E9