iter_0.75_0.3 = [ 6.7676989E7 2.578986E8 1.97074124E8 1.82462162E8 3.2596361E8 9.9550679E7 1.39142164E8 3.46400037E8 2.84417571E8 1.64157115E8 ]
iter_0.75_0.32 = [ 3.17839393E8 1.12981541E8 2.15202903E8 1.50705824E8 7.6162429E7 7.9645711E7 8.5456789E7 9.1406116E7 1.28234613E8 1.49272166E8 ]
iter_0.75_0.35 = [ 4.7979279E7 9.0657715E7 5.364348E7 6.4960352E7 6.5190483E7 4.8314412E7 8.0613438E7 8.8646382E7 4.1967574E7 9.3024329E7 ]
iter_0.75_0.37 = [ 3.7793647E7 5.1037034E7 3.4257236E7 4.8218038E7 5.9790984E7 3.7349662E7 4.2688944E7 5.6505484E7 3.5829417E7 6.2974753E7 ]
iter_0.75_0.4 = [ 2.79972E9 1.8076667E7 4.2425825E7 
iter_0.75_0.28 = [ 6.46985681E8 6.65261151E8 7.72975583E8 8.58522409E8 3.32782302E8 6.1187345E8 2.79972E9 5.28009506E8 2.20727228E8 2.79972E9 ]
iter_0.75_0.38 = [ 2.79972E9 3.3468284E7 4.2807257E7 5.2469931E7 4.2956227E7 
iter_0.75_0.33 = [ 6.7923051E7 6.435265E7 9.1174239E7 1.59450726E8 5.046534E7 1.05709155E8 8.3702653E7 8.8573744E7 7.7444219E7 5.6508661E7 ]
iter_0.75_0.34 = [ 9.2745229E7 5.3847013E7 1.25695641E8 1.5069505E8 6.302417E7 1.00031948E8 6.0771029E7 1.00247162E8 8.808709E7 8.4533567E7 ]
iter_0.75_0.36 = [ 4.8444973E7 1.02412922E8 3.4723545E7 5.7646762E7 8.9158288E7 8.1216372E7 4.7536053E7 4.8212265E7 8.4343577E7 5.8100893E7 ]